##TSV	1.0	HEADER_LINES=5	COL_LINES=2
JOB	Job 2	ID=82808080808080809980	USER=zb8	START=2019-01-19 13:07:18 UTC	END=2019-01-19 13:07:18 UTC
ACTIVITY	Process-1.Activity-51547902962734#Activity.OS Command-91547902980942#OS Command	Process-1	FIXED=3	INPUTS=5	OUTPUTS=0	ROWS=1
RUN ID	STATUS	RUN TYPE	Parameter1	Parameter2	Parameter3	Parameter4	Parameter5
STR	INT	INT	REAL	REAL	REAL	REAL	REAL
1.1.1	10	1	10.0	10.0	10.0	10.0	10.0
1.1.2	11	2	10.0	10.0	10.0	20.0	10.0
1.1.3	12	3	10.0	10.0	10.0	30.0	10.0
1.1.4	13	4	30.0	10.0	10.0	40.0	50.0
1.1.5	14	5	30.0	10.0	10.0	50.0	50.0
1.1.6	15	6	30.0	10.0	10.0	60.0	50.0
1.1.7	16	7	10.0	10.0	10.0	70.0	10.0
1.1.8	17	8	30.0	10.0	10.0	80.0	50.0
1.1.9	18	9	30.0	10.0	10.0	90.0	50.0
1.2.0	19	0	30.0	10.0	10.0	30.0	50.0
1.3.0	20	0	10.0	10.0	10.0	40.0	10.0
1.4.0	21	0	30.0	10.0	10.0	20.0	50.0
1.5.0	22	0	30.0	10.0	10.0	25.0	50.0
1.6.0	23	0	30.0	10.0	10.0	26.0	50.0
1.7.0	24	0	30.0	10.0	10.0	27.0	50.0
1.8.0	25	0	30.0	10.0	10.0	28.0	50.0
1.9.0	26	0	30.0	10.0	10.0	29.0	50.0
2.0.0	27	0	30.0	10.0	10.0	45.0	80.0
3.0.0	28	0	30.0	10.0	10.0	41.0	90.0
4.0.0	29	0	30.0	10.0	10.0	43.0	70.0
5.0.0	30	0	30.0	10.0	10.0	42.0	50.0
